-1.13348416289594
-77.1334841628959
-11.1334841628959
53.8665158371041
-17.1334841628959
-55.1334841628959
-14.1334841628959
-89.1334841628959
-42.1334841628959
157.866515837104
-51.1334841628959
-83.1334841628959
26.8665158371041
32.8665158371041
-34.1334841628959
18.8665158371041
13.8665158371041
-8.13348416289594
-55.1334841628959
15.8665158371041
-84.1334841628959
-103.133484162896
-84.1334841628959
92.8665158371041
31.8665158371041
49.8665158371041
-15.1334841628959
-67.1334841628959
-21.1334841628959
130.866515837104
-23.1334841628959
-93.1334841628959
188.866515837104
-65.1334841628959
-87.1334841628959
-50.1334841628959
112.866515837104
123.866515837104
99.8665158371041
-62.1334841628959
-52.1334841628959
-97.1334841628959
-91.1334841628959
-60.1334841628959
106.866515837104
-99.1334841628959
37.8665158371041
-10.1334841628959
-77.1334841628959
-10.1334841628959
2.86651583710406
72.8665158371041
-93.1334841628959
-48.1334841628959
29.8665158371041
-24.1334841628959
-100.133484162896
-115.133484162896
17.8665158371041
17.8665158371041
-91.1334841628959
-8.13348416289594
-100.133484162896
-24.1334841628959
-81.1334841628959
10.8665158371041
-2.13348416289594
-55.1334841628959
7.86651583710406
25.8665158371041
-104.133484162896
117.866515837104
49.8665158371041
-41.1334841628959
-67.1334841628959
-110.133484162896
17.8665158371041
47.8665158371041
99.8665158371041
-39.1334841628959
-9.13348416289594
-101.133484162896
-100.133484162896
57.8665158371041
-87.1334841628959
-11.1334841628959
-97.1334841628959
-18.1334841628959
-110.133484162896
-41.1334841628959
-54.1334841628959
11.8665158371041
-104.133484162896
-56.1334841628959
-62.1334841628959
9.86651583710406
-2.13348416289594
126.866515837104
-60.1334841628959
-69.1334841628959
-24.1334841628959
-50.1334841628959
149.866515837104
45.8665158371041
-57.1334841628959
-99.1334841628959
-18.1334841628959
-8.13348416289594
79.8665158371041
-71.1334841628959
-48.1334841628959
-93.1334841628959
93.8665158371041
144.866515837104
105.866515837104
76.8665158371041
122.866515837104
128.866515837104
26.8665158371041
47.8665158371041
47.8665158371041
20.8665158371041
27.8665158371041
-68.1334841628959
-31.1334841628959
8.86651583710406
-53.1334841628959
-43.1334841628959
-37.1334841628959
115.866515837104
121.866515837104
5.86651583710406
-45.1334841628959
-69.1334841628959
-49.1334841628959
119.866515837104
-67.1334841628959
127.866515837104
183.866515837104
128.866515837104
-34.1334841628959
164.866515837104
82.8665158371041
-92.1334841628959
21.8665158371041
106.866515837104
25.8665158371041
-24.1334841628959
-56.1334841628959
-26.1334841628959
135.866515837104
-64.1334841628959
139.866515837104
-81.1334841628959
44.8665158371041
33.8665158371041
-127.133484162896
-68.1334841628959
-56.1334841628959
42.8665158371041
-99.1334841628959
64.8665158371041
19.8665158371041
-21.1334841628959
61.8665158371041
-93.1334841628959
-82.1334841628959
67.8665158371041
115.866515837104
-0.13348416289594
-105.133484162896
-78.1334841628959
142.866515837104
-51.1334841628959
-1.13348416289594
-25.1334841628959
84.8665158371041
72.8665158371041
-71.1334841628959
-1.13348416289594
-45.1334841628959
-88.1334841628959
-14.1334841628959
32.8665158371041
112.866515837104
-51.1334841628959
-15.1334841628959
-9.13348416289594
-11.1334841628959
-73.1334841628959
139.866515837104
25.8665158371041
-61.1334841628959
-36.1334841628959
-66.1334841628959
-30.1334841628959
-80.1334841628959
-23.1334841628959
-10.1334841628959
-62.1334841628959
5.86651583710406
-113.133484162896
43.8665158371041
69.8665158371041
124.866515837104
-53.1334841628959
43.8665158371041
49.8665158371041
2.86651583710406
-75.1334841628959
38.8665158371041
-82.1334841628959
-79.1334841628959
-103.133484162896
-87.1334841628959
110.866515837104
95.8665158371041
143.866515837104
61.8665158371041
32.8665158371041
-74.1334841628959
-59.1334841628959
99.8665158371041
-2.13348416289594
-75.1334841628959
55.8665158371041
-75.1334841628959
-44.1334841628959
7.86651583710406
-99.1334841628959
67.8665158371041
1.86651583710406
106.866515837104
-62.1334841628959
93.8665158371041
-28.1334841628959
-85.1334841628959
-80.1334841628959
104.866515837104
109.866515837104
122.866515837104
24.8665158371041
-81.1334841628959
-105.133484162896
34.8665158371041
-27.1334841628959
-74.1334841628959
-101.133484162896
105.866515837104
62.8665158371041
150.866515837104
90.8665158371041
-61.1334841628959
-2.13348416289594
157.866515837104
0.86651583710406
193.866515837104
-89.1334841628959
-63.1334841628959
-102.133484162896
-113.133484162896
-49.1334841628959
155.866515837104
-36.1334841628959
-7.13348416289594
-78.1334841628959
-107.133484162896
-37.1334841628959
111.866515837104
-65.1334841628959
49.8665158371041
-25.1334841628959
29.8665158371041
88.8665158371041
-86.1334841628959
-58.1334841628959
130.866515837104
-88.1334841628959
-50.1334841628959
47.8665158371041
112.866515837104
-58.1334841628959
77.8665158371041
28.8665158371041
3.86651583710406
80.8665158371041
-92.1334841628959
66.8665158371041
-72.1334841628959
-84.1334841628959
179.866515837104
95.8665158371041
-68.1334841628959
47.8665158371041
-97.1334841628959
-67.1334841628959
-63.1334841628959
-121.133484162896
-23.1334841628959
-69.1334841628959
122.866515837104
-87.1334841628959
45.8665158371041
83.8665158371041
100.866515837104
-28.1334841628959
-108.133484162896
19.8665158371041
-38.1334841628959
-10.1334841628959
-43.1334841628959
27.8665158371041
-8.13348416289594
10.8665158371041
-5.13348416289594
-55.1334841628959
67.8665158371041
37.8665158371041
-43.1334841628959
38.8665158371041
-30.1334841628959
77.8665158371041
89.8665158371041
95.8665158371041
96.8665158371041
39.8665158371041
-21.1334841628959
84.8665158371041
-74.1334841628959
-17.1334841628959
91.8665158371041
46.8665158371041
117.866515837104
11.8665158371041
-80.1334841628959
-56.1334841628959
153.866515837104
-61.1334841628959
61.8665158371041
-57.1334841628959
63.8665158371041
110.866515837104
25.8665158371041
-39.1334841628959
47.8665158371041
-13.1334841628959
-13.1334841628959
-64.1334841628959
-4.13348416289594
-64.1334841628959
90.8665158371041
-81.1334841628959
-75.1334841628959
-43.1334841628959
119.866515837104
-92.1334841628959
-98.1334841628959
68.8665158371041
-62.1334841628959
158.866515837104
128.866515837104
29.8665158371041
168.866515837104
-94.1334841628959
109.866515837104
53.8665158371041
80.8665158371041
89.8665158371041
-29.1334841628959
14.8665158371041
-89.1334841628959
44.8665158371041
-81.1334841628959
15.8665158371041
-12.1334841628959
64.8665158371041
-31.1334841628959
82.8665158371041
92.8665158371041
-112.133484162896
-100.133484162896
-48.1334841628959
-20.1334841628959
-64.1334841628959
-83.1334841628959
66.8665158371041
-80.1334841628959
48.8665158371041
-42.1334841628959
-101.133484162896
124.866515837104
-89.1334841628959
-34.1334841628959
-83.1334841628959
120.866515837104
105.866515837104
-109.133484162896
45.8665158371041
89.8665158371041
79.8665158371041
22.8665158371041
-59.1334841628959
15.8665158371041
122.866515837104
140.866515837104
128.866515837104
-80.1334841628959
-12.1334841628959
36.8665158371041
28.8665158371041
56.8665158371041
-16.1334841628959
108.866515837104
-39.1334841628959
-21.1334841628959
21.8665158371041
104.866515837104
-97.1334841628959
-68.1334841628959
-110.133484162896
-6.13348416289594
59.8665158371041
80.8665158371041
-61.1334841628959
-41.1334841628959
-0.13348416289594
-32.1334841628959
-85.1334841628959
157.866515837104
-58.1334841628959
30.8665158371041
-86.1334841628959
20.8665158371041
-80.1334841628959
-103.133484162896
-88.1334841628959
-104.133484162896
25.8665158371041
-48.1334841628959
-20.1334841628959
67.8665158371041
-95.1334841628959
